          %pt            TT            TS            SS            SS2j            Tot
        0.100    0.00000E+00    0.00000E+00    0.00000E+00    1.36623E-08    1.36623E-08
        0.299    0.00000E+00    0.00000E+00    0.00000E+00    1.13360E-07    1.13360E-07
        0.498    0.00000E+00    0.00000E+00    0.00000E+00    3.77754E-07    3.77754E-07
        0.697    0.00000E+00    0.00000E+00    0.00000E+00    8.56472E-07    8.56472E-07
        0.896    0.00000E+00    0.00000E+00    0.00000E+00    1.57663E-06    1.57663E-06
        1.095    0.00000E+00    0.00000E+00    0.00000E+00    2.56127E-06    2.56127E-06
        1.294    0.00000E+00    0.00000E+00    0.00000E+00    3.83277E-06    3.83277E-06
        1.493    0.00000E+00    0.00000E+00    0.00000E+00    5.40121E-06    5.40121E-06
        1.692    0.00000E+00    0.00000E+00    0.00000E+00    7.24506E-06    7.24506E-06
        1.891    0.00000E+00    0.00000E+00    0.00000E+00    9.29380E-06    9.29380E-06
        2.090    0.00000E+00    0.00000E+00    0.00000E+00    1.14214E-05    1.14214E-05
        2.289    0.00000E+00    0.00000E+00    0.00000E+00    1.34563E-05    1.34563E-05
        2.488    0.00000E+00    0.00000E+00    0.00000E+00    1.52096E-05    1.52096E-05
        2.687    0.00000E+00    0.00000E+00    0.00000E+00    1.65178E-05    1.65178E-05
        2.886    0.00000E+00    0.00000E+00    0.00000E+00    1.17730E-05    1.17730E-05
        3.085    0.00000E+00    0.00000E+00    0.00000E+00    8.24962E-06    8.24962E-06
        3.284    0.00000E+00    0.00000E+00    0.00000E+00    5.84221E-06    5.84221E-06
        3.483    0.00000E+00    0.00000E+00    0.00000E+00    4.17862E-06    4.17862E-06
        3.682    0.00000E+00    0.00000E+00    0.00000E+00    3.01696E-06    3.01696E-06
        3.881    0.00000E+00    0.00000E+00    0.00000E+00    2.19777E-06    2.19777E-06
        4.080    0.00000E+00    0.00000E+00    0.00000E+00    1.61468E-06    1.61468E-06
        4.279    0.00000E+00    0.00000E+00    0.00000E+00    1.19594E-06    1.19594E-06
        4.478    0.00000E+00    0.00000E+00    0.00000E+00    8.92689E-07    8.92689E-07
        4.677    0.00000E+00    0.00000E+00    0.00000E+00    6.71281E-07    6.71281E-07
        4.876    0.00000E+00    0.00000E+00    0.00000E+00    5.08374E-07    5.08374E-07
        5.075    0.00000E+00    0.00000E+00    0.00000E+00    3.87618E-07    3.87618E-07
        5.274    0.00000E+00    0.00000E+00    0.00000E+00    2.97469E-07    2.97469E-07
        5.473    0.00000E+00    0.00000E+00    0.00000E+00    2.29707E-07    2.29707E-07
        5.672    0.00000E+00    0.00000E+00    0.00000E+00    1.78440E-07    1.78440E-07
        5.871    0.00000E+00    0.00000E+00    0.00000E+00    1.39407E-07    1.39407E-07
        6.070    0.00000E+00    0.00000E+00    0.00000E+00    1.09510E-07    1.09510E-07
        6.269    0.00000E+00    0.00000E+00    0.00000E+00    8.64766E-08    8.64766E-08
        6.468    0.00000E+00    0.00000E+00    0.00000E+00    6.86326E-08    6.86326E-08
        6.667    0.00000E+00    0.00000E+00    0.00000E+00    5.47345E-08    5.47345E-08
        6.866    0.00000E+00    0.00000E+00    0.00000E+00    4.38538E-08    4.38538E-08
        7.065    0.00000E+00    0.00000E+00    0.00000E+00    3.52933E-08    3.52933E-08
        7.264    0.00000E+00    0.00000E+00    0.00000E+00    2.85259E-08    2.85259E-08
        7.463    0.00000E+00    0.00000E+00    0.00000E+00    2.31515E-08    2.31515E-08
        7.662    0.00000E+00    0.00000E+00    0.00000E+00    1.88645E-08    1.88645E-08
        7.861    0.00000E+00    0.00000E+00    0.00000E+00    1.54301E-08    1.54301E-08
        8.060    0.00000E+00    0.00000E+00    0.00000E+00    1.26676E-08    1.26676E-08
        8.259    0.00000E+00    0.00000E+00    0.00000E+00    1.04366E-08    1.04366E-08
        8.458    0.00000E+00    0.00000E+00    0.00000E+00    8.62804E-09    8.62804E-09
        8.657    0.00000E+00    0.00000E+00    0.00000E+00    7.15644E-09    7.15644E-09
        8.856    0.00000E+00    0.00000E+00    0.00000E+00    5.95475E-09    5.95475E-09
        9.055    0.00000E+00    0.00000E+00    0.00000E+00    4.97009E-09    4.97009E-09
        9.254    0.00000E+00    0.00000E+00    0.00000E+00    4.16057E-09    4.16057E-09
        9.453    0.00000E+00    0.00000E+00    0.00000E+00    3.49288E-09    3.49288E-09
        9.652    0.00000E+00    0.00000E+00    0.00000E+00    2.94047E-09    2.94047E-09
        9.851    0.00000E+00    0.00000E+00    0.00000E+00    2.48205E-09    2.48205E-09
       10.050    0.00000E+00    0.00000E+00    0.00000E+00    2.10052E-09    2.10052E-09
       10.249    0.00000E+00    0.00000E+00    0.00000E+00    1.78208E-09    1.78208E-09
       10.448    0.00000E+00    0.00000E+00    0.00000E+00    1.51557E-09    1.51557E-09
       10.647    0.00000E+00    0.00000E+00    0.00000E+00    1.29193E-09    1.29193E-09
       10.846    0.00000E+00    0.00000E+00    0.00000E+00    1.10378E-09    1.10378E-09
       11.045    0.00000E+00    0.00000E+00    0.00000E+00    9.45095E-10    9.45095E-10
       11.244    0.00000E+00    0.00000E+00    0.00000E+00    8.10937E-10    8.10937E-10
       11.443    0.00000E+00    0.00000E+00    0.00000E+00    6.97248E-10    6.97248E-10
       11.642    0.00000E+00    0.00000E+00    0.00000E+00    6.00686E-10    6.00686E-10
       11.841    0.00000E+00    0.00000E+00    0.00000E+00    5.18490E-10    5.18490E-10
       12.040    0.00000E+00    0.00000E+00    0.00000E+00    4.48371E-10    4.48371E-10
       12.239    0.00000E+00    0.00000E+00    0.00000E+00    3.88432E-10    3.88432E-10
       12.438    0.00000E+00    0.00000E+00    0.00000E+00    3.37091E-10    3.37091E-10
       12.637    0.00000E+00    0.00000E+00    0.00000E+00    2.93027E-10    2.93027E-10
       12.836    0.00000E+00    0.00000E+00    0.00000E+00    2.55138E-10    2.55138E-10
       13.035    0.00000E+00    0.00000E+00    0.00000E+00    2.22498E-10    2.22498E-10
       13.234    0.00000E+00    0.00000E+00    0.00000E+00    1.94328E-10    1.94328E-10
       13.433    0.00000E+00    0.00000E+00    0.00000E+00    1.69975E-10    1.69975E-10
       13.632    0.00000E+00    0.00000E+00    0.00000E+00    1.48885E-10    1.48885E-10
       13.831    0.00000E+00    0.00000E+00    0.00000E+00    1.30591E-10    1.30591E-10
       14.030    0.00000E+00    0.00000E+00    0.00000E+00    1.14697E-10    1.14697E-10
       14.229    0.00000E+00    0.00000E+00    0.00000E+00    1.00866E-10    1.00866E-10
       14.428    0.00000E+00    0.00000E+00    0.00000E+00    8.88122E-11    8.88122E-11
       14.627    0.00000E+00    0.00000E+00    0.00000E+00    7.82920E-11    7.82920E-11
       14.826    0.00000E+00    0.00000E+00    0.00000E+00    6.90971E-11    6.90971E-11
       15.025    0.00000E+00    0.00000E+00    0.00000E+00    6.10493E-11    6.10493E-11
       15.224    0.00000E+00    0.00000E+00    0.00000E+00    5.39960E-11    5.39960E-11
       15.423    0.00000E+00    0.00000E+00    0.00000E+00    4.78062E-11    4.78062E-11
       15.622    0.00000E+00    0.00000E+00    0.00000E+00    4.23672E-11    4.23672E-11
       15.821    0.00000E+00    0.00000E+00    0.00000E+00    3.75821E-11    3.75821E-11
       16.020    0.00000E+00    0.00000E+00    0.00000E+00    3.33673E-11    3.33673E-11
       16.219    0.00000E+00    0.00000E+00    0.00000E+00    2.96504E-11    2.96504E-11
       16.418    0.00000E+00    0.00000E+00    0.00000E+00    2.63690E-11    2.63690E-11
       16.617    0.00000E+00    0.00000E+00    0.00000E+00    2.34688E-11    2.34688E-11
       16.816    0.00000E+00    0.00000E+00    0.00000E+00    2.09029E-11    2.09029E-11
       17.015    0.00000E+00    0.00000E+00    0.00000E+00    1.86304E-11    1.86304E-11
       17.214    0.00000E+00    0.00000E+00    0.00000E+00    1.66157E-11    1.66157E-11
       17.413    0.00000E+00    0.00000E+00    0.00000E+00    1.48280E-11    1.48280E-11
       17.612    0.00000E+00    0.00000E+00    0.00000E+00    1.32401E-11    1.32401E-11
       17.811    0.00000E+00    0.00000E+00    0.00000E+00    1.18286E-11    1.18286E-11
       18.010    0.00000E+00    0.00000E+00    0.00000E+00    1.05726E-11    1.05726E-11
       18.209    0.00000E+00    0.00000E+00    0.00000E+00    9.45426E-12    9.45426E-12
       18.408    0.00000E+00    0.00000E+00    0.00000E+00    8.45761E-12    8.45761E-12
       18.607    0.00000E+00    0.00000E+00    0.00000E+00    7.56875E-12    7.56875E-12
       18.806    0.00000E+00    0.00000E+00    0.00000E+00    6.77546E-12    6.77546E-12
       19.005    0.00000E+00    0.00000E+00    0.00000E+00    6.06697E-12    6.06697E-12
       19.204    0.00000E+00    0.00000E+00    0.00000E+00    5.43380E-12    5.43380E-12
       19.403    0.00000E+00    0.00000E+00    0.00000E+00    4.86760E-12    4.86760E-12
       19.602    0.00000E+00    0.00000E+00    0.00000E+00    4.36099E-12    4.36099E-12
       19.801    0.00000E+00    0.00000E+00    0.00000E+00    3.90745E-12    3.90745E-12
